50 165 122 531
-472 29 180
-454 -36 0
-517 -60 90
-457 -32 270
-435 -26 180
-410 60 180
-456 -34 90
-399 8 270
-497 46 180
-449 50 0
-307 -78 270
-442 51 0
-339 -66 270
-433 0 0
-419 64 270
-364 46 180
-209 75 180
-373 81 270
-354 4 90
-209 73 0
-227 -40 90
-288 43 0
-209 63 0
-175 -52 0
-284 -37 0
-116 -24 0
-163 21 0
-169 27 90
-219 9 90
-128 -73 90
-135 -6 180
-62 78 0
-29 -50 90
-113 14 180
-78 80 0
-55 79 90
38 -74 270
-14 9 90
66 82 180
-88 16 0
46 49 270
99 47 180
130 -39 0
9 -40 270
53 82 180
213 12 270
210 26 270
154 60 90
195 -42 90
197 23 90
