50 322 122 531
-360 -299 0
-417 -292 180
-189 -403 90
-296 -252 270
-382 -264 90
-261 -331 90
-254 -423 0
-225 -350 90
-336 -272 270
-330 -223 180
160 -267 90
374 -439 90
388 -432 0
403 -238 180
370 -370 180
314 -292 270
420 -221 270
227 -209 270
393 -204 180
326 -277 180
-312 379 270
-434 387 180
-194 198 270
-420 424 0
-306 305 0
-365 421 0
-433 358 0
-192 280 90
-291 284 180
-288 292 180
311 337 90
197 311 180
306 253 0
314 187 270
420 403 180
368 331 180
425 252 0
339 400 270
252 258 90
390 265 0
-300 -300 0
-300 0 90
-300 300 270
300 -300 270
300 0 270
300 300 270
-44 1 0
-12 -55 270
4 -40 0
53 -34 180
