50 1000 1000 1000
35 -168 0
133 -21 0
-126 183 0
-214 101 0
180 174 0
107 -136 0
136 115 0
-165 210 0
-14 -110 0
-22 96 0
2 -50 0
210 -105 0
246 235 0
-235 -76 0
-158 -196 0
171 -56 0
-207 -26 0
238 126 0
102 225 0
-245 159 0
99 216 0
-96 -12 0
1 110 0
-181 -96 0
52 -216 0
-144 -67 0
-109 99 0
98 -113 0
-151 181 0
-106 146 0
50 -85 0
-130 163 0
191 -128 0
46 -84 0
-139 -79 0
-247 151 0
-192 -232 0
-135 -214 0
26 39 0
-154 -52 0
92 67 0
-206 -117 0
-50 205 0
-132 131 0
152 -217 0
-186 142 0
141 222 0
-74 118 0
144 -189 90
83 38 90
