50 143 1 2
-480 18 0
-491 -11 90
-512 19 90
-460 18 180
-450 6 90
-457 2 90
-395 -6 90
-402 -3 0
-394 -14 180
-336 -5 270
-353 10 90
-364 0 270
-302 9 0
-300 19 270
-287 18 90
-240 19 90
-247 18 0
-246 8 180
-181 3 90
-200 -9 90
-183 -4 0
-162 12 0
-147 -18 270
-170 10 90
-103 -11 270
-83 3 90
-90 -7 180
-69 -20 90
-57 18 0
-64 4 270
-17 -17 180
-7 -14 180
10 1 270
35 4 270
50 3 90
52 -15 180
104 15 180
118 4 180
85 -15 0
136 -16 90
144 -10 180
155 13 180
201 -11 90
199 20 180
203 -2 270
249 13 0
265 11 0
251 -10 90
307 13 0
299 -16 0
