50 322 122 531
-415 -196 180
-399 -233 180
-229 -359 0
-270 -239 270
-349 -385 90
-287 -226 180
-307 -367 0
-358 -257 0
-398 -202 180
-392 -351 270
181 -397 270
258 -356 0
244 -349 90
265 -359 270
414 -353 90
421 -339 0
409 -236 0
451 -247 0
463 -194 270
215 -432 270
-359 354 270
-408 281 270
-249 371 0
-297 427 180
-416 228 180
-246 411 270
-239 168 180
-259 171 90
-396 320 90
-381 393 180
398 211 270
375 420 270
427 313 180
264 329 0
175 191 270
395 259 270
394 224 90
339 418 0
183 314 90
255 406 90
-300 -300 270
-300 0 180
-300 300 0
300 -300 270
300 0 0
300 300 90
19 2 0
-31 -11 270
3 3 90
49 -30 90
