50 322 127 256
-246 -215 90
-368 -267 90
-291 -404 0
-369 -356 0
-417 -399 90
-407 -388 180
-383 -332 0
-198 -285 270
-311 -205 270
-341 -386 0
278 -230 90
235 -291 90
393 -441 90
263 -217 270
145 -412 90
167 -170 90
424 -178 180
199 -237 270
385 -162 180
285 -345 180
-336 341 90
-285 261 90
-301 194 0
-296 353 90
-293 184 270
-330 189 0
-431 223 180
-229 436 0
-393 331 180
-395 333 0
398 348 270
328 356 270
302 256 270
386 249 180
411 278 90
412 305 90
397 357 0
281 267 0
235 196 270
319 253 270
-300 -300 180
-300 0 90
-300 300 90
300 -300 90
300 0 180
300 300 90
44 8 270
46 51 270
-14 -11 270
-50 54 270
