50 165 547 231
-471 31 0
-494 -43 0
-556 46 180
-463 71 90
-508 -3 0
-479 -1 270
-373 6 90
-351 -60 90
-373 -33 0
-392 53 0
-417 79 270
-402 -33 0
-373 -77 90
-297 -66 180
-402 -11 90
-217 16 0
-211 45 180
-373 72 90
-333 72 180
-336 -42 90
-297 -79 0
-149 23 90
-240 32 180
-204 52 180
-144 6 90
-133 -25 270
-105 26 90
-122 -24 180
-185 -7 0
-195 63 0
-128 -70 90
-61 -53 90
-39 -22 180
-50 4 90
-163 -59 0
-83 -12 0
-59 -39 90
-79 72 0
50 17 180
-67 51 0
78 -26 180
87 -64 180
83 59 180
-19 52 90
129 -74 0
133 -75 90
166 43 0
123 -14 0
64 54 180
138 53 90
