50 100 1 2
-478 -580 270
-426 -581 0
-589 -509 90
-554 -583 0
-432 -477 0
-597 -496 180
-470 -514 0
-550 -491 0
-484 -556 90
-574 -446 90
496 304 0
548 693 0
450 690 270
464 318 90
633 365 180
496 623 180
447 696 0
614 425 270
328 415 0
565 574 90
554 398 180
507 671 270
499 470 180
415 471 270
596 583 90
444 479 270
445 632 270
318 459 180
480 393 90
626 675 90
453 695 270
662 579 270
348 418 270
400 396 0
496 342 270
393 657 90
454 576 0
593 667 0
553 653 90
452 353 90
430 450 180
395 572 270
502 368 90
422 418 270
441 636 0
501 596 180
380 677 180
647 519 180
439 677 270
580 309 0
