50 100 123 565
621 538 0
-495 901 0
868 97 270
-761 548 90
818 544 180
702 -408 90
-807 779 270
802 314 0
-30 962 90
858 367 270
-700 896 180
329 508 180
119 -283 180
205 169 0
201 573 0
630 -237 270
-374 447 180
-481 153 90
753 -805 90
-711 -492 0
498 524 270
641 -174 180
-948 -339 0
-985 905 270
248 327 0
433 -966 90
958 151 90
535 363 0
-79 963 0
101 934 180
-951 -374 0
-942 240 90
-803 155 0
-913 -194 180
-966 -655 90
2 118 180
588 831 90
-785 -153 180
484 -538 270
190 795 90
203 -289 270
-399 389 0
602 763 0
877 -245 180
-57 876 90
-965 405 180
-617 -294 0
-468 325 270
-529 251 90
473 517 180
