50 1000 100 133
-737 685 180
683 433 90
-634 -471 90
106 173 0
658 -670 90
-707 -991 180
-460 139 180
-423 471 270
-503 -133 270
-208 152 180
145 792 180
784 -554 270
-106 360 90
958 693 180
-405 -768 270
-176 628 90
763 351 0
-374 163 270
385 931 180
319 451 180
913 66 0
-210 288 90
213 238 90
-60 -962 90
321 432 90
-233 -420 180
-143 499 270
-795 -729 90
140 -816 90
104 182 180
307 -933 270
-358 304 90
793 -558 0
-806 -265 90
74 613 180
-800 -104 0
-296 839 180
998 -62 270
810 -701 270
-675 -925 180
-667 231 0
696 558 270
-177 615 180
-186 -720 0
966 -862 180
-93 -254 90
-899 444 270
952 -269 0
-539 712 0
-280 530 270
