50 322 669 699
-390 -201 0
-207 -258 0
-216 -417 180
-321 -408 270
-387 -228 180
-305 -385 0
-386 -264 180
-223 -282 90
-193 -306 180
-362 -333 270
155 -265 90
325 -392 270
189 -409 0
273 -379 90
328 -324 90
179 -335 90
296 -452 0
225 -290 270
358 -313 180
292 -401 270
-161 417 0
-392 199 0
-411 253 180
-198 240 180
-348 257 90
-427 183 180
-220 393 90
-279 273 180
-274 440 0
-402 342 90
294 372 270
369 381 180
196 310 270
273 179 180
311 326 0
229 357 0
414 375 180
231 348 90
357 193 270
184 249 90
-300 -300 270
-300 0 270
-300 300 90
300 -300 270
300 0 270
300 300 270
31 -57 90
29 -42 90
54 4 0
-12 -17 0
