50 100 123 565
151 -17 270
43 -70 270
190 -159 90
199 -20 0
-84 107 270
169 111 90
-48 92 270
-40 -9 180
199 -40 270
103 -107 90
-95 -12 90
-194 -56 0
-56 -108 90
-83 156 90
-51 193 0
2 178 180
7 -197 90
-111 111 0
-14 42 270
27 -153 0
-144 58 90
-77 -55 90
179 0 180
19 -95 90
125 -96 0
-53 127 270
-85 114 180
-128 -2 0
-125 -107 270
-42 -26 180
11 142 270
-57 155 270
-188 -195 180
-6 27 180
185 155 0
-103 -191 180
-118 -11 0
-56 -179 180
109 -194 270
-160 110 0
-37 38 90
-188 -183 0
-123 -157 180
157 -114 90
-89 -179 90
-41 185 90
158 192 90
130 -128 270
-176 -88 90
131 -15 0
