50 165 251 175
-444 82 180
-442 7 0
-528 46 90
-437 15 270
-547 -76 0
-468 -76 180
-423 -6 180
-497 -16 270
-499 29 270
-483 75 0
-353 -14 180
-368 74 90
-425 50 270
-310 78 90
-307 -70 270
-362 30 90
-209 -44 0
-341 26 270
-370 5 180
-295 18 270
-263 77 0
-176 -42 270
-146 62 180
-227 -21 180
-151 16 90
-141 -68 90
-103 -14 90
-117 25 0
-90 -68 0
-91 20 270
-63 45 90
-100 53 270
-32 71 270
-61 -1 180
-68 -47 0
-21 -75 90
-23 29 270
49 -62 0
-93 -78 0
-37 -24 0
69 -52 270
105 71 0
49 3 270
1 28 0
79 67 0
74 -22 270
88 33 0
141 -63 0
129 -13 180
197 10 0
