50 165 111 321
-552 -21 180
-472 8 0
-455 57 90
-518 -18 0
-535 -59 270
-394 51 0
-385 -15 180
-402 44 0
-375 -56 0
-460 -55 0
-416 16 90
-328 -83 180
-382 53 90
-421 -60 270
-359 59 180
-250 -25 180
-238 34 270
-324 -55 270
-276 34 90
-307 19 180
-267 -45 90
-145 -53 90
-244 -35 0
-206 -43 180
-161 -40 90
-94 10 270
-114 -45 90
-132 67 0
-135 8 270
-120 -24 180
-88 40 270
-94 -15 0
-104 -24 0
-133 28 180
-77 -44 0
33 25 90
-57 6 180
44 78 0
-80 -45 90
25 34 180
38 -18 0
49 -71 90
-13 68 90
32 82 180
49 82 180
108 70 180
165 -66 270
165 1 270
211 70 0
66 -15 0
