50 1000 1000 690
250 230 0
21 -161 90
-161 -446 0
-482 -321 0
-37 294 0
-155 375 270
108 429 180
-469 97 270
0 -336 180
77 -450 180
493 -262 270
114 -233 180
365 36 180
230 251 270
54 -188 90
-290 -288 0
-282 -314 270
240 70 90
471 -10 0
-246 181 0
-444 -442 90
-188 -12 270
477 197 90
-321 118 180
355 -476 0
180 244 90
177 -46 180
397 107 180
-31 491 0
163 -44 270
-363 -237 0
259 -271 270
405 -180 90
88 146 90
20 331 180
373 -500 90
-75 -227 270
-315 386 180
-44 453 180
-285 -17 270
-271 448 180
458 -287 180
-475 -28 180
-347 -293 90
-126 231 180
247 364 0
17 175 90
-325 -368 180
-104 205 90
341 65 0
