50 100 1000 1
-467 -524 180
-450 -540 180
-528 -466 90
-541 -517 0
-546 -453 90
-521 -464 270
-478 -519 90
-454 -534 0
-514 -451 90
-515 -495 90
-433 505 0
-630 411 90
-698 675 0
-660 557 270
-333 468 180
-593 535 0
-536 422 90
-351 443 0
-695 390 180
-300 424 180
591 637 90
660 659 270
770 773 90
625 679 0
782 245 270
257 389 270
280 424 180
358 594 90
677 590 180
631 277 180
790 412 180
688 636 0
595 687 180
525 603 270
378 604 0
483 288 270
419 716 180
765 464 270
475 357 0
576 249 180
630 254 270
354 480 180
438 523 270
673 741 270
367 498 270
499 483 180
521 367 90
646 512 270
592 462 90
212 765 90
