50 322 251 175
-287 -233 270
-415 -246 0
-421 -347 180
-321 -218 270
-330 -366 90
-190 -192 270
-345 -351 90
-423 -276 90
-395 -215 0
-373 -322 270
308 -381 270
203 -264 90
193 -202 270
440 -277 180
450 -426 0
380 -461 270
440 -400 90
190 -385 0
415 -408 90
172 -409 90
-314 248 90
-437 249 90
-355 268 0
-302 307 0
-274 394 270
-421 200 270
-258 329 270
-376 158 0
-367 376 270
-212 376 0
342 199 0
221 313 90
217 241 180
270 180 180
304 352 90
211 175 180
264 252 270
418 295 90
351 225 270
242 302 90
-300 -300 270
-300 0 0
-300 300 0
300 -300 0
300 0 180
300 300 0
14 -48 270
23 -28 180
50 39 180
-3 -28 270
