50 100 1 1000
-578 -560 270
-482 -550 0
-547 -406 270
-563 -583 90
-461 -408 0
-595 -418 180
-579 -411 270
-571 -493 0
-485 -512 90
-428 -494 0
602 551 270
494 557 90
668 560 180
595 481 90
365 300 0
445 566 0
424 324 90
456 580 90
541 669 180
583 691 0
458 655 90
300 660 180
677 414 270
661 681 270
439 440 90
670 310 270
381 440 180
412 397 180
581 339 180
670 684 180
476 548 0
573 349 270
317 608 90
524 641 90
664 573 0
686 641 180
308 480 270
376 577 180
401 493 0
304 531 270
384 395 90
472 436 0
612 655 180
474 339 270
504 696 180
429 409 0
627 577 90
653 457 270
588 659 90
525 333 270
