50 322 122 175
-409 -235 270
-267 -337 270
-186 -390 0
-330 -265 180
-413 -301 0
-305 -296 180
-339 -306 90
-347 -407 0
-335 -187 180
-229 -316 180
373 -295 90
258 -360 90
142 -375 180
417 -451 90
379 -452 270
393 -258 270
388 -335 180
264 -183 180
458 -361 0
400 -169 180
-275 164 0
-357 165 270
-406 331 90
-253 369 270
-337 197 90
-292 212 0
-228 335 90
-369 286 180
-180 169 270
-436 198 270
277 264 0
300 250 270
426 424 90
322 223 180
199 323 0
357 339 270
347 371 180
209 279 90
273 288 90
410 189 270
-300 -300 0
-300 0 0
-300 300 0
300 -300 0
300 0 0
300 300 180
-31 -35 90
1 40 180
29 15 180
45 -32 270
