50 165 127 256
-507 -68 0
-515 55 180
-435 21 270
-480 63 90
-516 -61 270
-368 7 180
-450 0 270
-423 7 0
-400 71 270
-352 -36 0
-424 70 0
-414 -66 90
-402 -19 270
-393 10 270
-347 -57 270
-299 16 0
-276 68 0
-263 -59 90
-269 -10 0
-257 -23 270
-157 -42 0
-293 -11 180
-224 -73 270
-180 -53 90
-272 66 180
-145 36 180
-180 -33 270
-173 -83 180
-125 -5 90
-70 -83 270
-53 -54 90
-50 -35 0
-9 -73 180
-84 -32 90
-58 -36 0
-8 65 90
62 -22 90
-37 15 90
5 79 0
-77 -24 180
85 -26 180
87 54 90
-17 -17 270
35 81 90
133 37 180
182 29 90
141 80 270
174 76 0
92 33 90
71 -70 270
