50 1000 1 2
296 -826 0
666 -264 270
-720 557 270
958 741 90
602 599 90
561 41 180
441 -764 180
-714 164 180
517 890 180
-171 -789 90
-628 -471 270
-88 474 0
-730 137 0
235 -352 0
-556 224 180
888 -227 270
-100 364 90
-126 226 270
-802 395 0
334 940 180
-659 341 0
-743 -284 270
216 -369 90
140 -350 0
269 -123 270
-796 918 180
270 -583 0
306 991 180
-511 -51 180
-324 -682 0
313 350 90
557 -724 0
-263 900 180
-973 642 0
676 246 180
944 -808 270
-63 757 180
-889 954 180
479 -98 0
-117 -922 90
-760 960 90
-38 -408 0
-364 378 270
837 -172 0
385 -567 180
731 133 90
47 18 270
843 -813 180
859 -834 90
-982 -363 180
