50 100 200 500
-537 -453 270
-505 -479 180
-489 -543 90
-535 -483 90
-480 -508 0
-489 -512 0
-454 -512 270
-453 -543 0
-452 -495 90
-491 -536 90
-614 659 90
-479 532 270
-591 408 90
-539 689 0
-344 399 180
-576 584 90
-342 449 180
-400 310 180
-568 433 270
-355 687 0
741 229 90
468 398 270
507 262 90
644 506 90
518 608 180
627 767 270
606 323 90
363 728 180
369 289 270
581 218 180
204 380 90
214 423 180
754 535 90
502 253 90
744 405 180
367 205 270
615 326 0
546 259 90
523 617 180
770 635 90
336 201 180
560 473 270
701 553 270
210 749 180
464 618 270
506 611 180
217 400 270
258 752 180
795 465 180
617 430 270
