50 322 122 175
-225 -304 270
-362 -331 90
-330 -257 270
-195 -261 90
-201 -361 180
-328 -181 0
-376 -236 0
-183 -396 0
-367 -387 180
-338 -313 270
208 -403 90
455 -302 270
355 -427 0
397 -202 180
458 -195 90
452 -271 0
201 -258 180
410 -331 180
389 -464 0
230 -329 180
-216 285 0
-196 247 270
-257 362 270
-418 410 180
-230 300 0
-365 378 270
-401 422 270
-221 317 90
-178 373 90
-419 186 270
396 411 180
372 190 90
356 375 270
270 361 270
377 412 90
227 251 90
352 304 180
254 207 0
295 199 90
297 248 270
-300 -300 270
-300 0 180
-300 300 0
300 -300 90
300 0 180
300 300 270
35 -40 180
-18 57 270
-10 40 90
-31 -43 270
