50 165 543 121
-490 35 180
-467 71 90
-438 -23 180
-511 56 0
-455 -14 90
-508 -81 90
-475 -73 270
-397 1 180
-497 -45 0
-507 2 270
-405 -3 180
-294 30 180
-442 70 90
-288 -4 180
-436 8 180
-344 63 180
-368 -64 0
-353 -46 270
-276 -46 180
-229 -66 90
-227 49 0
-187 -80 90
-222 -76 270
-173 -43 180
-178 -45 90
-109 -44 180
-127 57 0
-211 75 270
-92 72 180
-87 -2 0
3 -45 0
-105 -62 90
-152 -41 0
-56 74 270
-43 -42 90
-45 -25 90
-49 70 90
53 -62 180
-70 -76 180
-18 -31 180
98 -29 90
21 -79 90
85 -50 90
34 59 90
138 -28 0
49 -39 0
127 69 90
160 -41 270
85 -8 0
202 -32 270
