50 165 122 175
-476 -33 90
-455 -63 90
-573 5 270
-417 -48 0
-551 -70 0
-356 31 0
-496 -48 0
-370 -61 90
-464 -71 270
-387 -41 270
-277 -16 0
-325 6 270
-377 12 0
-339 -66 90
-394 26 270
-297 -1 180
-297 2 270
-332 73 270
-256 -40 270
-311 -2 0
-237 45 90
-267 34 90
-286 -32 180
-266 68 180
-201 38 0
-141 49 270
-153 13 90
-226 64 270
-188 2 0
-92 18 180
-74 75 90
-147 73 90
1 -36 0
-162 67 90
-27 65 270
-43 45 180
-40 24 270
38 -51 180
47 42 180
-32 -81 180
50 14 0
-17 66 90
56 -18 0
2 2 0
96 -3 0
80 55 0
95 13 90
166 -77 270
158 -6 90
153 78 180
