50 322 111 321
-324 -245 0
-380 -226 0
-188 -345 270
-290 -260 90
-303 -412 90
-255 -358 90
-266 -291 180
-368 -257 90
-418 -214 180
-247 -330 90
271 -141 90
425 -147 270
184 -462 0
330 -164 270
220 -362 0
227 -221 0
291 -360 180
323 -265 0
316 -205 270
413 -221 180
-262 275 90
-177 190 270
-404 347 0
-288 332 0
-289 258 270
-441 406 180
-182 332 180
-361 346 90
-310 437 270
-180 217 270
251 176 180
247 274 0
271 390 180
310 201 0
374 201 180
334 293 270
254 417 180
420 270 270
189 419 180
302 382 0
-300 -300 90
-300 0 180
-300 300 270
300 -300 180
300 0 0
300 300 270
31 -44 0
30 9 180
27 -18 180
12 13 180
