50 1000 1000 1000
-83 -476 90
367 49 90
706 391 90
-240 -133 270
19 -638 270
-887 -828 180
-587 394 270
555 695 180
-644 -481 90
175 -861 0
784 -455 90
-606 -733 270
851 -80 0
600 431 90
-61 -847 180
-387 766 90
-171 155 270
291 -652 90
568 -930 90
20 113 0
-713 72 180
-445 299 180
-349 -743 90
913 -706 0
-742 -626 270
88 158 0
822 -86 270
755 449 90
808 -813 90
-54 380 180
-345 160 180
-946 514 180
-520 463 270
-981 -679 270
919 -384 0
7 -84 180
716 908 180
152 243 270
-685 642 270
631 985 0
-811 -682 180
-203 267 270
874 -875 90
-483 -105 180
485 698 0
918 -386 0
-112 -289 90
-968 -217 180
691 -630 90
859 73 180
