50 1000 1000 1
-23 -69 0
-88 -139 0
-116 -198 0
-174 -158 0
-77 -60 0
-137 -84 0
-54 -145 0
-4 -113 0
-163 -68 0
-193 -175 0
-160 -114 0
-87 -117 0
-126 -96 0
-161 -127 0
-200 -187 0
-192 -193 0
-53 -116 0
-6 -20 0
-186 -166 0
-40 -14 0
-195 -167 0
-105 -54 0
-80 -148 0
-120 -154 0
-72 -121 0
204 258 180
282 283 180
300 106 180
246 133 180
117 292 180
166 219 180
152 263 180
275 107 180
139 102 180
141 294 180
281 266 180
234 250 180
223 131 180
242 195 180
143 288 180
217 287 180
238 101 180
151 251 180
211 297 180
200 183 180
273 295 180
137 173 180
103 158 180
254 163 180
144 246 180
