50 322 111 321
-301 -328 180
-264 -187 0
-316 -191 180
-272 -320 180
-255 -407 270
-293 -368 180
-196 -226 0
-320 -366 0
-355 -360 90
-228 -287 90
280 -259 90
139 -249 270
197 -147 270
207 -350 90
186 -451 180
449 -172 270
464 -165 180
235 -386 0
184 -356 270
297 -194 270
-342 193 0
-365 434 270
-180 401 180
-315 349 0
-443 286 270
-360 235 90
-333 435 90
-246 290 180
-275 443 180
-261 367 270
311 192 90
406 418 90
189 223 270
350 270 270
368 266 180
352 355 180
206 377 0
357 370 90
419 296 270
356 244 90
-300 -300 0
-300 0 90
-300 300 270
300 -300 180
300 0 180
300 300 270
-37 -13 0
33 -25 180
-5 54 180
13 -6 270
