50 322 127 256
-418 -408 0
-317 -390 90
-208 -295 270
-187 -379 90
-343 -395 0
-278 -279 270
-191 -239 270
-192 -411 180
-203 -181 90
-330 -231 0
387 -416 180
352 -402 270
138 -181 0
299 -435 180
261 -273 0
191 -433 270
430 -182 0
290 -375 90
293 -426 90
458 -297 270
-416 278 270
-411 167 90
-312 234 90
-329 223 0
-409 350 90
-238 403 90
-334 340 90
-320 162 90
-253 333 0
-207 336 270
344 339 180
309 255 90
386 200 90
276 371 90
355 254 0
361 316 90
308 200 180
352 193 180
179 335 270
198 400 180
-300 -300 270
-300 0 270
-300 300 0
300 -300 0
300 0 180
300 300 270
53 -11 180
-16 34 270
-17 -36 0
2 40 270
