50 1000 1000 1000
236 55 0
64 -158 0
-123 129 0
200 -211 0
-75 224 0
-173 -16 0
241 -82 0
-192 -192 0
37 -34 0
125 80 0
216 -203 0
-195 -97 0
14 168 0
-184 73 0
136 -147 0
-148 -170 0
-137 203 0
250 -107 0
173 -161 0
75 250 0
70 -96 0
49 -188 0
227 -19 0
180 -33 0
55 214 0
-182 -183 0
-66 -205 0
231 -204 0
-201 -25 0
-235 -175 0
61 47 0
-93 19 0
202 -151 0
-118 -80 0
184 -131 0
-68 5 0
207 190 0
-183 -172 0
-125 -110 0
-232 -57 0
-99 -113 0
106 -145 0
-199 136 0
-101 -86 0
27 -194 0
146 20 0
-37 -71 0
11 191 0
187 -66 0
-16 66 0
