50 1000 1 1000
-93 -23 0
-168 -12 0
-41 -136 0
-193 -31 0
-185 -28 0
-30 -79 0
-131 -87 0
-3 -85 0
-153 -140 0
-20 -76 0
-85 -152 0
-121 -165 0
-46 -117 0
-32 -59 0
-105 -7 0
-65 -71 0
-60 -172 0
-140 -168 0
-182 -182 0
-122 -162 0
-86 -120 0
0 -88 0
-48 -38 0
-134 -138 0
-117 -81 0
123 134 180
261 195 180
195 192 180
191 179 180
146 187 180
155 148 180
165 127 180
100 155 180
298 247 180
196 217 180
276 118 180
207 213 180
219 115 180
171 103 180
253 219 180
275 286 180
233 244 180
190 254 180
269 291 180
144 227 180
170 216 180
157 220 180
185 274 180
249 178 180
133 259 180
