50 100 123 565
128 136 180
-13 -6 180
91 -54 0
112 6 90
42 67 270
-128 26 270
-135 -56 90
139 123 180
-146 27 180
-69 -47 180
-3 -73 90
-125 145 90
-52 132 90
-90 97 180
55 -47 0
-73 92 180
-23 78 0
60 -113 180
120 28 0
79 -24 270
1 106 270
138 36 270
19 62 90
-139 -123 270
-76 -33 180
133 63 180
-6 -116 180
-8 -77 180
-117 -137 180
112 148 270
10 -11 180
-97 -23 90
0 -114 180
65 114 90
0 -64 90
138 -80 90
-93 -140 0
-119 148 180
70 97 270
-102 -121 90
118 76 90
-52 -125 0
38 129 180
94 37 270
131 -14 90
-109 -108 90
-22 38 180
130 -150 0
-82 -113 180
14 -6 90
