50 500 1000 1000
911 274 90
-352 -480 0
-376 597 180
-746 -484 270
466 174 0
738 340 0
724 -742 180
794 914 180
299 -804 180
917 1 90
-428 -444 90
-60 -373 0
804 896 270
-458 717 90
-266 -537 0
-141 879 0
107 616 0
234 -891 0
208 -55 180
-193 325 180
740 520 90
445 987 270
-70 920 180
269 668 0
367 50 90
-663 37 0
946 375 180
106 -323 180
758 -387 90
-134 13 0
638 315 180
-374 -294 270
768 230 90
-30 707 90
515 -837 180
793 973 180
-59 907 90
-660 -971 180
717 954 270
-414 -505 90
1 -992 90
910 -856 0
-158 -51 90
-315 -478 90
-91 -542 180
-566 953 270
-721 392 90
-682 766 0
15 977 90
-221 -673 90
