50 322 251 175
-261 -270 180
-308 -325 180
-354 -236 0
-381 -350 90
-319 -317 90
-405 -287 90
-212 -215 270
-289 -267 270
-333 -182 0
-234 -180 180
388 -377 90
208 -274 270
168 -205 0
412 -208 180
402 -175 90
452 -258 270
382 -197 270
140 -280 270
227 -153 90
343 -285 90
-165 287 180
-277 221 0
-350 378 180
-283 301 0
-247 408 180
-264 440 270
-377 432 270
-206 438 270
-441 437 90
-263 331 270
382 240 0
287 259 0
373 236 270
187 363 270
396 246 0
197 314 0
296 303 270
283 252 180
408 393 270
253 301 180
-300 -300 180
-300 0 0
-300 300 90
300 -300 90
300 0 270
300 300 90
1 -36 180
54 40 270
-56 -37 0
22 -40 90
