50 1000 1000 1000
-143 7 0
195 -181 0
115 75 0
-62 178 0
-6 -204 0
-149 127 0
-228 95 0
-89 184 0
67 -198 0
-109 -97 0
243 97 0
-200 -239 0
73 117 0
23 179 0
-249 -23 0
171 -33 0
-46 -111 0
7 -248 0
113 -157 0
112 240 0
-193 -117 0
233 232 0
185 -66 0
193 -101 0
76 -174 0
-106 201 90
102 244 90
137 -86 90
-136 102 90
178 -83 90
-5 -198 90
-134 -54 90
234 26 90
212 -189 90
108 159 90
20 -1 90
-67 -133 90
192 46 90
3 101 90
-230 -36 90
29 232 90
174 136 90
4 -72 90
121 -242 90
-14 79 90
30 -151 90
-95 216 90
199 250 90
-96 -115 90
-23 -99 90
