50 1000 1000 1
172 -92 0
51 -355 90
-79 -46 90
393 418 270
327 -117 0
-118 282 270
431 -76 270
299 66 90
337 -300 270
-252 -66 90
-8 -158 0
-445 -139 180
1 181 270
-7 34 0
-262 344 270
165 -169 0
99 479 270
-225 -331 0
-13 289 180
-101 -63 180
471 -424 0
298 -460 90
315 -252 270
194 -152 90
-388 -23 180
111 28 0
-198 469 0
-228 168 180
-232 210 0
372 40 180
231 -154 0
-453 -111 90
-381 96 270
-226 -59 90
-304 418 270
-439 -337 90
292 73 180
-298 285 270
-80 -166 90
-452 388 270
-138 -351 0
-121 -12 90
-393 248 270
-337 -98 270
323 252 180
391 262 0
-490 469 0
-420 -360 90
422 300 0
-306 -367 180
