50 322 547 231
-210 -328 180
-281 -284 90
-339 -348 270
-282 -236 90
-261 -190 180
-284 -296 90
-201 -411 0
-272 -287 270
-244 -243 0
-185 -414 270
207 -221 0
348 -167 0
245 -353 180
328 -432 90
405 -216 90
442 -366 0
244 -138 0
304 -197 0
210 -180 90
215 -442 180
-330 367 270
-299 245 180
-347 269 90
-215 366 270
-382 360 90
-163 437 0
-360 413 180
-317 207 90
-306 215 180
-227 306 270
400 327 90
202 228 180
200 373 90
391 289 90
253 206 270
298 296 180
189 190 90
403 397 180
217 257 270
286 413 180
-300 -300 90
-300 0 270
-300 300 270
300 -300 0
300 0 90
300 300 180
-24 -49 270
33 -23 180
48 2 0
-42 35 180
