50 322 669 699
-199 -409 180
-378 -238 0
-233 -421 270
-291 -312 180
-248 -401 270
-181 -287 180
-267 -313 0
-394 -255 0
-236 -329 270
-387 -302 0
238 -193 0
286 -260 270
197 -252 0
338 -170 180
299 -154 0
376 -343 0
175 -264 0
138 -421 0
416 -461 180
446 -384 90
-175 342 180
-302 294 180
-205 324 0
-191 197 180
-416 375 270
-358 312 180
-287 221 0
-166 261 270
-355 381 0
-285 376 90
378 278 0
213 375 270
349 419 90
413 366 270
365 191 90
205 272 0
421 173 180
201 237 270
198 357 180
217 384 0
-300 -300 270
-300 0 270
-300 300 180
300 -300 0
300 0 90
300 300 270
-9 24 180
-18 49 180
2 -14 90
13 8 180
