50 69 453 998
-459 -10 0
-423 -13 270
-463 -13 180
-527 74 180
-450 -3 270
-486 -30 90
-447 49 90
-471 -15 0
-427 31 0
-488 -67 270
-433 -28 90
-322 -8 90
-418 44 0
-315 47 180
-419 -41 0
-256 22 270
-244 62 180
-217 -68 180
-254 28 270
-287 60 180
-226 64 0
-239 78 270
-210 -35 0
-279 -28 270
-227 -10 90
-81 -68 90
-88 74 0
-190 -9 0
-131 -82 270
-145 83 270
-60 -57 270
-152 69 270
-80 59 0
-88 15 180
-22 -24 180
-2 -74 270
-19 -24 270
-22 27 270
-3 -3 180
-77 -57 90
-11 64 180
89 32 270
109 71 180
-12 -18 180
27 -70 180
66 7 90
170 -76 90
210 -40 270
157 8 270
122 -72 0
