50 1000 1 1000
174 -215 270
46 -347 270
345 -177 270
198 364 90
150 -86 180
279 -404 270
-91 352 270
-334 45 180
136 329 0
-300 -422 0
-423 123 0
103 -316 90
-103 -192 90
-185 -189 270
345 -430 180
464 -407 0
-482 112 90
457 -364 90
110 -111 180
134 -20 270
-490 453 270
-352 178 0
-72 -415 270
405 230 0
-418 -7 180
-431 265 90
385 -280 0
101 -36 180
231 -303 0
-198 2 270
109 177 180
-169 -336 90
-449 334 90
-240 494 0
-225 60 90
-54 174 90
331 -345 180
-241 -215 180
313 -108 180
437 315 270
472 274 90
93 236 180
304 247 90
-140 -267 90
411 -365 180
339 490 270
-131 -184 270
110 -325 90
-449 284 90
248 -493 0
