50 322 543 121
-274 -220 90
-332 -392 180
-423 -235 180
-322 -374 270
-342 -383 270
-281 -266 90
-189 -360 0
-313 -244 90
-228 -324 0
-191 -397 90
208 -206 90
243 -240 0
266 -405 0
215 -373 180
251 -392 180
389 -232 0
344 -345 0
348 -389 90
399 -355 270
395 -150 90
-206 441 270
-443 186 180
-227 173 270
-410 201 90
-187 328 90
-435 185 0
-274 179 270
-201 281 270
-178 260 0
-302 242 90
296 211 180
362 323 270
351 352 270
326 272 90
414 324 180
358 206 180
409 243 270
404 342 90
223 372 270
390 266 180
-300 -300 0
-300 0 180
-300 300 270
300 -300 270
300 0 180
300 300 270
36 -20 180
20 47 90
-15 35 0
17 -14 180
