50 1000 234 123
-356 -295 0
-376 -12 90
441 222 0
247 266 180
404 -408 0
250 -417 180
85 232 0
-291 462 90
-259 -213 180
-437 -400 0
430 56 0
333 170 270
-218 485 180
-319 86 0
-14 12 180
288 478 270
-162 107 0
450 379 90
216 442 270
131 -14 180
-2 375 90
349 345 0
274 118 0
-153 475 270
281 -352 270
-22 486 270
-496 -3 180
-132 -231 90
-72 -363 270
-310 -202 90
-380 11 0
-403 481 90
69 363 270
461 -157 270
-89 407 270
-167 -141 90
-198 -419 90
-268 275 270
-175 -368 0
226 453 0
33 -489 270
-353 -196 270
-250 -421 0
172 178 270
-68 -255 90
57 252 270
-121 361 180
-230 -404 90
92 -369 0
-199 -24 90
