50 322 543 121
-247 -393 90
-401 -286 180
-320 -367 180
-293 -422 0
-297 -288 270
-408 -403 0
-185 -200 180
-265 -211 0
-423 -416 270
-417 -191 90
197 -403 270
177 -237 0
223 -334 270
321 -144 180
307 -224 0
271 -334 270
182 -301 0
464 -146 270
339 -244 270
265 -450 180
-181 423 90
-399 307 90
-410 383 270
-427 374 270
-416 184 90
-293 375 0
-165 359 270
-410 333 180
-359 258 90
-211 424 90
384 214 270
370 425 270
305 399 270
319 188 90
284 289 90
402 224 90
263 225 90
336 214 90
239 356 0
423 306 0
-300 -300 90
-300 0 270
-300 300 0
300 -300 270
300 0 90
300 300 180
40 56 180
-29 53 0
15 -34 0
-16 57 270
