50 165 669 699
-498 47 90
-482 18 0
-467 -48 90
-565 65 0
-493 -30 90
-439 82 180
-498 72 0
-446 46 180
-495 19 270
-491 3 270
-424 70 0
-363 -24 0
-418 -8 0
-385 -75 0
-368 -8 270
-214 49 180
-275 3 270
-272 81 90
-221 -25 0
-305 -27 90
-237 4 0
-279 16 270
-175 17 0
-164 56 270
-145 -29 0
-220 -64 270
-121 73 0
-210 -78 90
-180 61 90
-122 -66 90
-145 53 180
-4 -83 270
-137 35 0
-70 -2 0
-28 36 270
-89 43 270
26 37 270
31 59 90
-48 2 90
-2 -76 270
28 34 270
80 -46 0
48 65 180
-12 52 90
107 0 90
94 46 270
89 -24 90
143 14 270
86 31 90
68 -61 90
