50 322 547 231
-206 -278 270
-281 -242 90
-331 -319 180
-335 -296 270
-241 -183 270
-385 -422 180
-196 -255 0
-205 -248 0
-304 -215 180
-392 -389 90
444 -260 0
343 -161 90
247 -236 0
292 -267 270
184 -272 90
202 -380 270
297 -255 270
254 -169 0
311 -231 180
402 -357 90
-315 214 270
-368 281 90
-180 242 270
-431 367 180
-361 210 180
-336 322 270
-215 225 180
-251 255 270
-232 434 270
-156 196 270
285 265 0
255 297 90
317 299 0
193 331 90
394 288 270
368 333 90
279 252 270
351 380 90
226 291 90
319 187 270
-300 -300 0
-300 0 270
-300 300 180
300 -300 0
300 0 270
300 300 90
-37 18 180
-39 -44 270
-51 29 90
-47 55 0
