30 435
268435456 1024 67108864 16777216 134217728 131072 524288 512 256 8 32 64 33554432 2097152 128 2048 16384 8192 4096 8388608 65536 536870912 4 2 16 1048576 32768 1 262144 4194304
24 28
23 28
10 28
25 28
11 28
12 28
15 28
9 28
8 28
2 28
16 28
19 28
18 28
17 28
27 28
21 28
6 28
28 29
7 28
26 28
14 28
28 30
20 28
4 28
13 28
3 28
5 28
1 28
22 28
23 24
10 24
24 25
11 24
12 24
15 24
9 24
8 24
2 24
16 24
19 24
18 24
17 24
24 27
21 24
6 24
24 29
7 24
24 26
14 24
24 30
20 24
4 24
13 24
3 24
5 24
1 24
22 24
10 23
23 25
11 23
12 23
15 23
9 23
8 23
2 23
16 23
19 23
18 23
17 23
23 27
21 23
6 23
23 29
7 23
23 26
14 23
23 30
20 23
4 23
13 23
3 23
5 23
1 23
22 23
10 25
10 11
10 12
10 15
9 10
8 10
2 10
10 16
10 19
10 18
10 17
10 27
10 21
6 10
10 29
7 10
10 26
10 14
10 30
10 20
4 10
10 13
3 10
5 10
1 10
10 22
11 25
12 25
15 25
9 25
8 25
2 25
16 25
19 25
18 25
17 25
25 27
21 25
6 25
25 29
7 25
25 26
14 25
25 30
20 25
4 25
13 25
3 25
5 25
1 25
22 25
11 12
11 15
9 11
8 11
2 11
11 16
11 19
11 18
11 17
11 27
11 21
6 11
11 29
7 11
11 26
11 14
11 30
11 20
4 11
11 13
3 11
5 11
1 11
11 22
12 15
9 12
8 12
2 12
12 16
12 19
12 18
12 17
12 27
12 21
6 12
12 29
7 12
12 26
12 14
12 30
12 20
4 12
12 13
3 12
5 12
1 12
12 22
9 15
8 15
2 15
15 16
15 19
15 18
15 17
15 27
15 21
6 15
15 29
7 15
15 26
14 15
15 30
15 20
4 15
13 15
3 15
5 15
1 15
15 22
8 9
2 9
9 16
9 19
9 18
9 17
9 27
9 21
6 9
9 29
7 9
9 26
9 14
9 30
9 20
4 9
9 13
3 9
5 9
1 9
9 22
2 8
8 16
8 19
8 18
8 17
8 27
8 21
6 8
8 29
7 8
8 26
8 14
8 30
8 20
4 8
8 13
3 8
5 8
1 8
8 22
2 16
2 19
2 18
2 17
2 27
2 21
2 6
2 29
2 7
2 26
2 14
2 30
2 20
2 4
2 13
2 3
2 5
1 2
2 22
16 19
16 18
16 17
16 27
16 21
6 16
16 29
7 16
16 26
14 16
16 30
16 20
4 16
13 16
3 16
5 16
1 16
16 22
18 19
17 19
19 27
19 21
6 19
19 29
7 19
19 26
14 19
19 30
19 20
4 19
13 19
3 19
5 19
1 19
19 22
17 18
18 27
18 21
6 18
18 29
7 18
18 26
14 18
18 30
18 20
4 18
13 18
3 18
5 18
1 18
18 22
17 27
17 21
6 17
17 29
7 17
17 26
14 17
17 30
17 20
4 17
13 17
3 17
5 17
1 17
17 22
21 27
6 27
27 29
7 27
26 27
14 27
27 30
20 27
4 27
13 27
3 27
5 27
1 27
22 27
6 21
21 29
7 21
21 26
14 21
21 30
20 21
4 21
13 21
3 21
5 21
1 21
21 22
6 29
6 7
6 26
6 14
6 30
6 20
4 6
6 13
3 6
5 6
1 6
6 22
7 29
26 29
14 29
29 30
20 29
4 29
13 29
3 29
5 29
1 29
22 29
7 26
7 14
7 30
7 20
4 7
7 13
3 7
5 7
1 7
7 22
14 26
26 30
20 26
4 26
13 26
3 26
5 26
1 26
22 26
14 30
14 20
4 14
13 14
3 14
5 14
1 14
14 22
20 30
4 30
13 30
3 30
5 30
1 30
22 30
4 20
13 20
3 20
5 20
1 20
20 22
4 13
3 4
4 5
1 4
4 22
3 13
5 13
1 13
13 22
3 5
1 3
3 22
1 5
5 22
1 22
