36 630
123 123 123 123 123 123 123 123 123 123 123 123 123 123 123 123 123 123 123 123 123 123 123 123 123 123 123 123 123 123 123 123 123 123 123 123
10 28
8 28
18 28
11 28
26 28
3 28
28 31
7 28
24 28
17 28
15 28
28 36
2 28
25 28
28 33
13 28
20 28
28 35
6 28
28 30
22 28
23 28
16 28
28 34
14 28
28 29
4 28
9 28
27 28
1 28
5 28
19 28
28 32
12 28
21 28
8 10
10 18
10 11
10 26
3 10
10 31
7 10
10 24
10 17
10 15
10 36
2 10
10 25
10 33
10 13
10 20
10 35
6 10
10 30
10 22
10 23
10 16
10 34
10 14
10 29
4 10
9 10
10 27
1 10
5 10
10 19
10 32
10 12
10 21
8 18
8 11
8 26
3 8
8 31
7 8
8 24
8 17
8 15
8 36
2 8
8 25
8 33
8 13
8 20
8 35
6 8
8 30
8 22
8 23
8 16
8 34
8 14
8 29
4 8
8 9
8 27
1 8
5 8
8 19
8 32
8 12
8 21
11 18
18 26
3 18
18 31
7 18
18 24
17 18
15 18
18 36
2 18
18 25
18 33
13 18
18 20
18 35
6 18
18 30
18 22
18 23
16 18
18 34
14 18
18 29
4 18
9 18
18 27
1 18
5 18
18 19
18 32
12 18
18 21
11 26
3 11
11 31
7 11
11 24
11 17
11 15
11 36
2 11
11 25
11 33
11 13
11 20
11 35
6 11
11 30
11 22
11 23
11 16
11 34
11 14
11 29
4 11
9 11
11 27
1 11
5 11
11 19
11 32
11 12
11 21
3 26
26 31
7 26
24 26
17 26
15 26
26 36
2 26
25 26
26 33
13 26
20 26
26 35
6 26
26 30
22 26
23 26
16 26
26 34
14 26
26 29
4 26
9 26
26 27
1 26
5 26
19 26
26 32
12 26
21 26
3 31
3 7
3 24
3 17
3 15
3 36
2 3
3 25
3 33
3 13
3 20
3 35
3 6
3 30
3 22
3 23
3 16
3 34
3 14
3 29
3 4
3 9
3 27
1 3
3 5
3 19
3 32
3 12
3 21
7 31
24 31
17 31
15 31
31 36
2 31
25 31
31 33
13 31
20 31
31 35
6 31
30 31
22 31
23 31
16 31
31 34
14 31
29 31
4 31
9 31
27 31
1 31
5 31
19 31
31 32
12 31
21 31
7 24
7 17
7 15
7 36
2 7
7 25
7 33
7 13
7 20
7 35
6 7
7 30
7 22
7 23
7 16
7 34
7 14
7 29
4 7
7 9
7 27
1 7
5 7
7 19
7 32
7 12
7 21
17 24
15 24
24 36
2 24
24 25
24 33
13 24
20 24
24 35
6 24
24 30
22 24
23 24
16 24
24 34
14 24
24 29
4 24
9 24
24 27
1 24
5 24
19 24
24 32
12 24
21 24
15 17
17 36
2 17
17 25
17 33
13 17
17 20
17 35
6 17
17 30
17 22
17 23
16 17
17 34
14 17
17 29
4 17
9 17
17 27
1 17
5 17
17 19
17 32
12 17
17 21
15 36
2 15
15 25
15 33
13 15
15 20
15 35
6 15
15 30
15 22
15 23
15 16
15 34
14 15
15 29
4 15
9 15
15 27
1 15
5 15
15 19
15 32
12 15
15 21
2 36
25 36
33 36
13 36
20 36
35 36
6 36
30 36
22 36
23 36
16 36
34 36
14 36
29 36
4 36
9 36
27 36
1 36
5 36
19 36
32 36
12 36
21 36
2 25
2 33
2 13
2 20
2 35
2 6
2 30
2 22
2 23
2 16
2 34
2 14
2 29
2 4
2 9
2 27
1 2
2 5
2 19
2 32
2 12
2 21
25 33
13 25
20 25
25 35
6 25
25 30
22 25
23 25
16 25
25 34
14 25
25 29
4 25
9 25
25 27
1 25
5 25
19 25
25 32
12 25
21 25
13 33
20 33
33 35
6 33
30 33
22 33
23 33
16 33
33 34
14 33
29 33
4 33
9 33
27 33
1 33
5 33
19 33
32 33
12 33
21 33
13 20
13 35
6 13
13 30
13 22
13 23
13 16
13 34
13 14
13 29
4 13
9 13
13 27
1 13
5 13
13 19
13 32
12 13
13 21
20 35
6 20
20 30
20 22
20 23
16 20
20 34
14 20
20 29
4 20
9 20
20 27
1 20
5 20
19 20
20 32
12 20
20 21
6 35
30 35
22 35
23 35
16 35
34 35
14 35
29 35
4 35
9 35
27 35
1 35
5 35
19 35
32 35
12 35
21 35
6 30
6 22
6 23
6 16
6 34
6 14
6 29
4 6
6 9
6 27
1 6
5 6
6 19
6 32
6 12
6 21
22 30
23 30
16 30
30 34
14 30
29 30
4 30
9 30
27 30
1 30
5 30
19 30
30 32
12 30
21 30
22 23
16 22
22 34
14 22
22 29
4 22
9 22
22 27
1 22
5 22
19 22
22 32
12 22
21 22
16 23
23 34
14 23
23 29
4 23
9 23
23 27
1 23
5 23
19 23
23 32
12 23
21 23
16 34
14 16
16 29
4 16
9 16
16 27
1 16
5 16
16 19
16 32
12 16
16 21
14 34
29 34
4 34
9 34
27 34
1 34
5 34
19 34
32 34
12 34
21 34
14 29
4 14
9 14
14 27
1 14
5 14
14 19
14 32
12 14
14 21
4 29
9 29
27 29
1 29
5 29
19 29
29 32
12 29
21 29
4 9
4 27
1 4
4 5
4 19
4 32
4 12
4 21
9 27
1 9
5 9
9 19
9 32
9 12
9 21
1 27
5 27
19 27
27 32
12 27
21 27
1 5
1 19
1 32
1 12
1 21
5 19
5 32
5 12
5 21
19 32
12 19
19 21
12 32
21 32
12 21
